[ 17.09  12.04  12.04   0.   255.43 255.71  21.42  24.82  30.2   27.29
  21.     0.     0.    24.66  32.94  30.79  21.84  12.69  12.77  18.11
   0.    17.44  26.93  29.6   27.66  30.59  39.24  42.14  31.64 255.72
 255.44   0.    11.79  20.42  28.77  38.82  46.99  46.99  34.86  16.25
 255.49 255.76 255.76]
[ 24.    23.83  16.97  12.21   0.    21.14  21.28  24.49  29.8   34.41
  27.29  21.14  30.    43.27  44.09  31.18  12.69  28.55  40.99  40.99
  25.46  12.29  26.74  33.94  30.2   17.78  24.98  34.41  29.39   0.
 255.16   0.    23.15  30.74  37.42  41.28  44.59  44.27  32.98  11.45
 255.75   0.   255.76]
[ 29.6   26.74   0.    12.21  24.49  29.8   17.2   24.17  36.12  40.48
  32.94  27.84  35.33  47.33  44.36  28.37  12.61  33.36  49.45  46.03
  28.2   21.28  33.94  43.12  38.73  21.56  17.55  29.8   33.94  31.86
  16.97  23.66  30.74  38.82  41.28  39.66  39.1   35.11  28.35  22.8
  15.75   0.   255.53]
[ 36.37  27.11   0.    17.09  29.39  32.08  24.33  24.33  36.37  44.31
  39.75  33.57  35.78  41.82  37.83  30.79  28.02  37.35  42.99  39.5
  30.59  32.51  41.86  46.31  43.71  32.3   27.29  32.08  39.94  36.12
  31.86  31.64  35.37  39.38  41.57  40.99  34.6   32.25  32.5   27.93
  19.36 255.53 254.57]
[ 34.18  32.08  21.    20.71  29.19  29.39  27.48  30.4   32.73  38.99
  39.5   36.    25.3   17.55  27.48  30.4   32.94  35.1   34.41  30.
  30.4   32.73  42.14  39.94  40.21  38.47  34.18  33.94  35.62  33.47
  26.55  26.55  35.62  37.68  37.68  38.82  37.67  35.78  34.6   28.57
  19.97 255.49 254.74]
[ 26.93  34.41  32.3   29.6   29.6   34.41  37.35  33.36  24.98  24.49
  32.73  33.36  25.3    0.    16.85  27.11  35.1   32.73  29.8   30.
  32.73  35.1   30.    24.33  27.29  32.3   32.08  26.74  23.49  16.49
  11.7   28.98  35.87  37.68  35.87  39.1   40.1   36.33  30.51  26.17
  16.85 255.72 255.47]
[ 20.86  34.41  41.02  35.1   32.73  37.11  43.54  37.83  24.82  12.12
  21.28  28.2   21.84  12.12  16.61  26.74  32.3   34.87  34.64  34.64
  37.11  32.94  21.42   0.    12.29  21.14  21.    12.04 255.72 255.73
   0.    26.55  35.87  37.95  37.68  39.38  37.42  30.74  25.79  25.98
  16.85   0.    11.7 ]
[ 17.2   34.64  43.27  37.59  32.94  35.1   39.24  34.87  27.29  27.29
  24.82  25.14  27.84  27.11  26.36  31.42  38.21  36.62  34.64  36.86
  37.35  35.33  21.56 255.41 255.42   0.    11.96   0.     0.   255.72
   0.    20.86  29.6   33.94  33.47  33.23  31.19  28.57  28.14  28.14
  16.49   0.    22.98]
[ 24.49  34.87  35.1   27.66  24.33  29.8   27.29  29.6   36.12  38.99
  28.02  21.7   32.73  36.62  31.86  31.86  33.94  34.18  32.08  32.3
  34.87  32.51  21.28   0.   255.44  16.49  26.36  27.11  24.49  21.
  20.86  24.17  24.17  29.19  30.74  28.14  22.98  23.15  32.74  32.74
  22.98  11.36  25.59]
[30.   32.51 24.49  0.   16.73 26.93 21.14 24.17 36.12 38.99 28.02 27.84
 38.99 38.99 27.66 24.49 32.08 29.39 26.74 29.6  32.08 31.86 24.    0.
  0.   30.51 40.1  39.66 36.62 32.08 33.7  29.19 24.   26.55 32.5  33.81
 25.2  25.79 33.23 33.23 23.15 16.12 25.59]
[ 24.49  21.14  12.12 255.44  16.85  29.8   24.82  17.44  24.49  30.2
  17.66  28.02  41.29  37.35  24.82  12.29  21.    23.66  28.77  31.19
  29.19  23.66  20.42  16.85  26.55  38.82  45.    39.38  36.37  33.94
  37.15  36.88  33.47  33.47  38.25  40.63  34.07  26.17  29.19  26.55
  11.7   11.53  25.59]
[255.7  255.71 255.71 255.42  17.32  32.94  30.98   0.   255.4    0.
  12.37  21.7   37.59  35.1   21.14  12.12  24.    30.97  34.86  32.98
  26.36  16.73   0.    20.71  31.64  39.1   37.15  31.42  29.6   33.94
  38.82  38.54  37.15  37.42  40.1   42.99  37.15  31.86  24.    23.66
  11.7  255.74  11.27]
[255.4   12.29  17.32   0.    12.45  30.4   24.98 255.05 254.76 255.41
 255.71  17.55  30.4   34.64  33.94  29.19  28.98  35.11  32.74  32.98
  20.42 255.16 255.17  20.42  33.23  35.37  23.83  16.97  24.17  33.94
  35.37  36.88  35.11  35.11  36.88  40.69  39.94  34.41  29.19  23.32
   0.   254.98 255.01]
[255.7   30.    29.8   12.29 255.7   24.17  20.71 255.11 255.09 255.71
 255.72 255.71  24.49  31.86  35.62  35.62  35.37  30.97  28.57  28.57
  11.79 254.09 254.15 255.75  25.4   23.32  16.85  17.09  24.    31.64
  31.42  35.62  33.47  33.23  30.97  33.47  35.87  39.94  39.1   32.5
  16.12 255.24 255.25]
[ 17.32  36.62  36.12  16.97  11.96  26.17  16.37 255.72 255.72  11.96
 255.45 255.16   0.    20.57  23.49  30.74  25.98  16.37  16.25  27.93
  16.12 254.74 254.29 255.08 255.53   0.    23.83  31.86  31.42  28.77
  29.19  34.18  31.86  31.42  35.62  33.7   35.37  38.82  43.63  38.54
  25.79  16.25  16.25]
[ 12.12  32.08  31.64  20.71  23.83  31.19  16.49 255.2   11.7   23.15
 255.74 255.2  255.74 255.74 255.75   0.   255.51 255.03   0.    28.86
  23.98 255.78 254.87 254.66 254.64 255.27  26.17  35.87  26.17  11.53
  23.49  29.39  29.6   33.7   39.94  37.95  35.11  38.25  41.89  35.37
  28.98  30.97  32.74]
[255.42  12.12  20.86  24.17  27.11  24.33 255.44 254.92  16.25  22.45
  15.87   0.   255.53 255.55 255.54 255.08 254.42 254.45 255.78  23.35
  17.58   0.   255.57 255.12 255.11   0.    25.2   28.35  11.62 255.74
  16.25  20.27  20.42  28.77  41.28  41.57  35.37  36.61  38.82  29.39
  20.86  28.98  25.59]
[  0.   255.43  12.12  17.32  17.55  12.45 255.42 255.18   0.    21.91
  18.73 255.56 255.2  255.8   18.08  10.72 255.11 255.57  18.25  17.92
   0.     0.     0.   255.79 255.59  14.56  21.17   0.   254.74 254.74
   0.    11.18   0.    19.36  34.07  36.61  30.97  30.97  33.23  23.66
  11.87  23.32  19.21]
[ 30.2   17.09   0.   255.7    0.    12.37   0.   255.48 255.51  15.49
  15.1  255.19 254.32 255.81  27.87  27.06  19.05  26.38  32.17  18.41
 255.59   0.    14.14 255.8  255.42   0.     0.   255.35 254.59 254.8
 255.53 255.78   0.    18.08  23.56  24.19  19.36  27.93  30.05  22.63
  16.    22.27  21.54]
[ 40.76  27.11 255.43 255.41  21.42  32.3   23.49   0.   255.51  15.75
  15.36 255.36 254.78 255.79  29.1   32.5   34.6   39.19  38.57  24.8
 255.78  14.56  10.05 255.62 255.26 255.3  255.63 255.42 255.37 255.35
 255.78  10.25  22.25  27.42  23.49   9.75 255.79  14.97  23.77  23.56
  23.56  23.56  20.78]
[ 32.08  17.09 255.71  12.29  35.1   36.62  11.87 254.95  11.53  30.74
  30.51  16.     0.    11.36  20.12  23.83  31.64  37.42  34.86  28.14
  22.45  15.23  14.7  255.8  255.62 255.82 255.64 255.64   9.64  13.86
  17.23  23.75  26.23  29.85  26.66   8.89 255.84   9.43  21.56  19.39
  17.06  17.23  17.23]
[ 11.87  16.97  17.2   32.51  41.29  27.66 254.54 254.87  29.19  37.68
  31.86  24.    24.    20.86  12.04  12.12  24.33  27.11  26.93  33.7
  33.23  19.67   0.    21.54  25.92  25.22  14.    13.42  15.97  20.62
  16.16  18.33  19.62  24.33  22.91  12.17 255.58 255.71  12.81  13.27
   9.54   9.64  13.71]
[ 16.61  23.83  26.93  34.64  37.35  12.53 254.46  27.48  43.42  36.12
  12.29   0.    24.66  27.29  21.14  21.14  21.14  17.32  21.28  34.87
  36.62  23.66  16.12  30.05  37.67  34.64  27.11  23.49  20.37  15.39
   0.   255.55 255.56   8.54  19.36  17.44 255.73 255.31 255.69   9.54
  13.71  16.88  17.06]
[ 28.77  30.97  30.97  31.86  30.4   21.84  33.36  49.64  48.33  16.97
 253.65 254.79  24.49  36.37  38.47  40.48  36.62  30.2   27.84  37.59
  38.99  31.64  28.57  33.23  31.19  22.8   25.69  27.42  18.33 255.7
 255.11 254.64 254.34 255.42  19.36  19.62 255.7  255.06 255.83  19.6
  20.2   20.2   24.98]
[ 33.7   22.98  19.67  28.77  36.86  37.59  48.22  53.92  44.01 255.43
 253.98 255.71  34.18  41.28  44.9   45.21  41.86  38.47  37.59  39.5
  40.48  39.1   38.82  31.42 255.44 254.7   10.54  21.79  13.27 255.21
 254.97 254.3  254.75 255.41  16.97  17.66 255.66 254.78 255.63  14.28
  20.78  20.98  27.87]
[ 29.39  16.37  19.67  35.11  39.94  41.86  45.21  46.43  33.15  12.29
  12.04  31.86  41.57  43.12  41.57  41.57  41.28  36.12  39.24  39.24
  37.95  41.89  41.89  35.62 255.44 253.93 255.36  16.88  13.42 255.34
 255.13 255.   255.11 255.13 255.73 255.55 255.13 254.87 255.61   0.
  14.97  15.23  15.36]
[ 24.17  23.83  33.23  40.99  40.69  36.33  30.74  30.2   28.55  25.14
  32.08  34.18  36.62  36.86  36.86  36.62  31.64  26.74  34.87  41.29
  40.21  36.61  39.8   37.15  16.85 255.48 255.79  16.7    0.   255.49
 255.55 255.44 255.44 255.29 255.   254.75 255.11   0.    18.08  18.57
  10.91 255.76 255.76]
[ 29.6   32.08  36.12  35.87  34.86  33.54  27.71  24.17  25.3   25.14
  24.49  24.49  27.66  30.79  40.25  41.82  32.3   24.    34.87  45.46
  42.71  33.47  32.5   34.86  31.42  25.98  21.35  19.6    0.   255.47
 255.34 255.85   8.66 255.7  255.37 255.31  14.14  31.89  36.48  33.81
  27.71 255.49 254.97]
[ 38.99  32.3   20.86  16.85  35.11  39.5   37.38  30.74  27.11  24.49
  24.66  30.4   35.33  40.    44.63  44.63  32.94  21.14  34.87  45.18
  42.99  36.12  28.57  30.74  28.98  28.98  31.75  25.46   0.   255.03
 255.26  16.34  24.39  20.62   0.    14.    30.2   39.19  43.31  43.95
  35.37  11.7  255.21]
[ 35.55  21.14 255.72  11.87  39.66  49.84  45.25  32.    19.82  23.32
  36.12  46.43  47.91  42.71  41.56  43.82  39.5   34.87  30.2   32.73
  34.64  36.37  33.94  31.19  26.74  24.17  28.77  24.8    0.   254.73
 255.42  23.75  33.23  25.24  16.7   27.11  31.75  33.23  35.62  43.12
  43.12  23.66   0.  ]
[33.36 27.29 26.55 29.39 43.71 48.96 42.66 29.58 15.62 25.   43.31 50.91
 45.21 33.94 29.6  34.41 45.52 44.01 30.2  12.12 17.09 36.37 43.42 41.28
 34.41 24.66 24.   25.59 22.27  0.   10.15 25.79 27.71 19.8  17.41 23.56
 25.59 11.96 29.39 43.12 44.9  31.19 25.98]
[32.94 42.71 48.99 44.31 38.47 37.42 34.6  25.59 15.87 21.91 34.93 36.33
 28.77 20.42 26.36 37.42 50.56 51.26 34.41  0.   12.12 34.41 44.9  49.31
 44.31 30.2  23.66 27.71 31.5  26.83 17.92 14.14 14.42  0.   14.83 21.73
 16.25 16.85 31.42 42.51 38.82 28.57 26.17]
[ 47.28  57.83  57.42  41.56  24.49  20.57  31.19  20.71  16.61  22.63
  24.8   11.27 255.74  20.42  35.62  45.66  49.84  47.67  39.94  21.
  12.29  32.3   43.12  47.67  42.43  30.    25.98  33.    32.73  26.83
  18.57  10.63   0.    11.    22.09  29.82  30.51  31.19  39.1   40.69
  23.49 255.18   0.  ]
[ 51.61  58.93  50.28  28.2    0.    12.12  17.2   17.44  24.49  35.62
  34.6   25.59  20.27  37.68  43.12  43.95  35.11  33.47  37.68  27.11
  12.37  30.59  44.31  45.52  34.41  26.93  30.51  36.78  31.24  22.27
  15.87  11.27  11.36  16.12  25.79  32.98  35.11  37.15  39.1   29.19
 255.15 253.4  254.56]
[ 48.99  54.77  44.89  24.98  17.44  21.28 255.7   17.78  35.33  47.28
  47.67  45.66  37.68  41.57  42.81  32.98 255.74   0.    33.94  34.41
  21.42  30.98  50.91  48.53  29.8   16.73  34.86  40.1   30.51  16.25
  16.37  16.49   0.    11.62  16.85  31.64  39.1   38.82  31.64 255.7
 254.19 253.9  255.13]
[ 42.99  48.99  44.31  32.51  27.29  27.48  17.78  28.2   37.11  46.96
  50.91  48.33  38.47  38.21  39.1   28.35 255.46  17.09  38.73  38.73
  27.66  30.98  49.75  47.03  26.93   0.    26.17  33.7   29.19  20.42
  28.98  20.57 255.45 255.18  12.04  29.8   35.87  31.42  17.32 255.07
 255.07  17.44  17.2 ]
[ 39.24  44.01  42.14  38.47  38.21  38.47  35.33  33.36  27.66  29.39
  34.18  41.29  33.15  30.    41.28  37.42  26.93  27.48  44.89  46.43
  35.1   24.82  27.66  17.09 255.46 255.22 255.47  11.87  23.83  26.55
  29.39  21.     0.   255.72  21.14  30.2   30.    17.2    0.   255.68
  17.78  24.49  12.12]
[ 34.64  38.47  36.37  42.14  43.42  46.96  47.91  37.59  12.29 255.43
  24.66  40.    38.07  32.73  38.47  42.43  32.73  27.66  40.76  44.6
  35.1    0.   254.38 253.96 254.23 254.42 254.12 254.38 255.72  24.17
  24.66  21.7   17.55  21.14  17.32  21.56   0.   255.09 254.75   0.
  12.53 255.71 254.84]
[ 34.18  34.41  34.64  38.73  45.21  49.65  47.28  41.02  21.42  17.55
  33.36  47.62  43.54  35.1   35.33  38.07  25.3    0.    24.33  36.86
  30.4  255.14 253.37 253.76 255.22  16.97   0.   254.87 254.84 255.09
 254.75 255.37  12.45  17.2  255.42 255.1  254.78 254.46 254.73  12.77
 255.39 253.93 253.93]
[ 32.08  34.64  34.64  40.21  46.64  46.96  40.21  36.62  41.02  44.89
  43.54  43.27  41.02  37.11  31.18  31.75  12.77 255.7   17.09  29.6
  17.2  255.44 254.92 255.73  29.6   42.99  41.29  24.98 255.37 253.71
 252.78 254.46  12.21 255.43 254.26 254.83   0.   255.7  255.39   0.
 255.41 254.56 255.71]
[ 38.99  37.11  32.08  33.47  47.67  45.52  27.29  32.08  48.66  50.67
  34.64  21.14  32.3   39.24  38.54  36.88  31.18  24.66  29.6   29.19
  16.61 255.73  11.87  21.14  27.84  39.75  43.54  36.   255.67 253.01
 253.15 255.11   0.   255.13 254.83  21.    35.87  29.39   0.   255.45
 254.95 255.48  25.98]
[ 44.89  39.24  17.09  23.49  47.33  42.43   0.     0.    33.94  37.68
  11.87 255.14  27.66  41.82  42.34  42.34  41.29  43.42  39.1   30.74
  16.25  11.53  11.87 255.7  254.78   0.    17.55   0.   254.73 253.76
 254.46   0.   255.71 254.5  255.7   36.37  40.69  25.79 255.25 254.15
 253.41 254.71  21.54]
[ 42.99  32.73   0.    16.85  41.57  38.99 255.69 254.79   0.    11.87
 255.44 255.71  33.15  40.    33.36  24.98  32.08  38.82  39.5   25.4
 255.74 255.46 255.72 254.24 253.9  254.52 254.54 254.21 253.55 254.44
 255.39 255.7  253.58 252.65 254.19  24.33  20.27 254.78 253.76 253.55
 252.86 253.53 255.62]
[ 32.51  27.66  17.66  17.55  24.82  28.02  18.   255.69 255.41 255.44
 255.72  21.28  33.36  33.57  12.45 254.54 255.15  28.57  31.75  11.36
 254.89 255.7  255.7  255.41   0.    12.21 254.83 254.21 254.79 255.69
   0.   254.75 251.36 250.53 252.69 254.54 253.54 252.86 254.04 254.75
 254.   254.12 255.65]
[ 27.66  25.14  21.98  12.61  12.69  18.22  25.92  25.61  12.53  12.21
   0.    17.32  21.84  25.3    0.   253.65 253.93   0.    20.12 255.74
 255.7   18.33  25.77  24.66  31.86  29.8   21.42  21.7   24.98  30.59
  28.2  255.69 253.23 252.69 253.9  254.21 253.8  253.79 255.54  21.54
  10.44 255.05 255.66]
[ 33.78  25.61   0.   255.1  255.69  13.15  29.41  28.72  24.98  24.49
  21.    21.28  25.46  33.99  28.02 255.7  255.37  12.77  12.21 255.45
   0.    22.25  12.92   0.    20.86  21.28  12.61  22.11  33.15  36.86
  40.76  39.5   30.79  12.45   0.    12.29  11.79  16.    19.36  24.6
  20.98 255.26 253.88]
[ 45.43  25.77 254.26 254.62 255.39  18.55  13.08  21.98  27.66  32.51
  30.2   27.84  36.22  40.74  33.57  30.79  31.37  34.6   21.98 255.72
  11.53  21.14 255.37 254.76 254.79 255.38 255.02 255.67  17.89  24.49
  38.47  49.64  51.99  37.59  24.66  24.17  28.57  22.98   0.   255.76
 255.36 254.32 253.03]
[ 38.77  17.78 254.9  254.94 255.41   0.     0.    25.14  35.1   30.59
  17.78  17.78  30.79  25.3    0.    24.98  45.46  52.46  39.    24.17
  25.4   23.49   0.   255.68 255.68 255.34 254.65 254.67 255.04 255.39
  24.66  42.99  46.73  35.1   17.09  20.57  26.36  20.42 255.47 254.23
 254.42 254.75 254.28]
[255.7   12.12  20.57   0.   255.1  255.69  28.02  41.29  39.5    0.
 252.78 253.55 255.41 254.81 253.55  12.37  44.89  56.33  55.64  47.03
  39.38  39.38  39.24  38.07  31.56  13.08 255.34 255.03 255.04 255.35
   0.    21.84  27.84  21.28  24.17  31.86  31.86  32.08  24.17  16.73
  19.67  25.2   30.51]
[254.04  11.96  34.64  25.14 255.08 255.4   35.33  43.54  30.79 253.76
 251.42 252.6  254.56 254.52 254.46  12.45  39.5   51.22  55.96  48.5
  39.75  38.99  47.91  44.31  28.02 255.02 254.36 254.75 255.07  13.
  18.55 255.68 255.08  12.37  38.73  47.28  45.83  39.24  37.11  36.37
  35.37  42.81  47.28]
[254.87  17.2   36.     0.   253.79 255.7   35.78  33.36  12.53 254.09
 254.05 255.37  17.55  12.53   0.    25.46  33.78  38.77  41.47  34.39
 255.68  12.61  42.43  43.12   0.   253.08 253.01 253.12 254.44  22.25
  34.39  12.85 253.82 255.38  41.56  52.65  44.31  32.94  25.14  27.66
  29.6   34.18  39.24]
[ 30.2   37.59  31.94 254.65 252.78 254.76  25.61  25.46  21.56  17.78
  28.55  33.57  31.18   0.   255.35  22.11  31.75  29.41  26.08  12.85
 253.46 253.82  30.2   38.47 255.4  253.39 253.3  252.34 252.47  12.61
  37.83  17.89 253.15 253.42   0.    32.94  30.2    0.   254.72 254.75
 255.7    0.    24.98]
[ 45.18  42.08  34.39 255.34 252.78 254.72  28.9   40.25  43.27  42.99
  35.55  25.3   18.11 254.02 253.08 255.68  29.07  32.5   26.23  22.11
 255.05 254.73  25.14  35.55  25.46   0.     0.   254.   253.36 255.37
  27.48  24.82 254.09 253.39 253.76 255.39 255.7  255.04 253.98 254.32
 255.68 255.69  12.45]
[ 40.    33.57  28.55  18.   255.05   0.    34.39  46.31  49.64  42.43
  21.56 255.69 255.03 253.36 252.78 255.69  28.55  26.23  25.92  38.3
  38.54  22.38  12.77  21.84  28.37  28.2   28.02  12.69 255.35   0.
  24.82  21.56  18.     0.   254.73 255.08 255.69 255.35 254.32 255.01
  12.92  22.11 255.69]
[ 28.72  12.85  25.46  33.57  25.3   22.11  36.88  39.    39.75  34.87
  28.02  18.   255.68 254.38 254.42   0.    12.45 255.37   0.    38.07
  46.87  32.31 255.03 254.48 255.7   24.98  32.94  25.14  22.25  22.25
  12.61 255.38  12.69  31.18  25.3   12.53   0.   254.72 252.78 252.9
 255.07  12.77 255.04]
[ 12.92  13.    28.72  36.22  33.57  28.55  29.24  13.3   13.    28.37
  38.07  33.57  17.89 255.69  17.66 255.7  255.1  254.46 255.08  17.78
  18.44 255.65 254.34 254.14 255.38  28.55  31.37  22.25  12.92   0.
 254.73 252.56 253.82   0.    25.14  12.45 255.69 254.07 250.89 249.38
 251.87 254.72 254.67]
[ 18.22  28.9   36.44  28.9   28.9   34.19  35.    13.53 254.95  22.52
  36.    21.7  254.79 255.39  24.98  17.55 254.44 255.68  25.46 255.37
 252.66 252.87 254.98 255.67  18.33  39.46  39.46  18.55 254.68 254.72
 253.49 250.67 251.01 253.82 255.38 255.7  255.7  255.35 251.98 249.67
 251.42 254.38 255.32]
[ 28.72  38.07  28.37  18.22  26.23  43.62  41.71  26.53 255.65  18.55
  18.   254.79 253.84  22.11  38.07  21.7  255.36  34.8   50.65  28.72
 252.08 252.03 255.67  29.24  32.31  41.47  39.    18.22 254.73 255.38
 255.38 253.49 253.49 255.68  18.11  12.61  25.14  41.23  37.74 255.67
 254.07 255.34  18.44]
[ 36.44  33.57  17.89  18.22  34.8   43.37  36.44  28.55  25.92  31.94
  18.22 255.05 255.67  39.46  42.86  17.78 255.69  34.6   53.92  40.74
 254.09 252.56 255.38  28.72  28.9   31.37  30.98  21.84  12.53  24.98
  21.84  18.    25.46  36.22  31.75  22.25  28.55  46.59  54.23  41.23
 255.68 254.72   0.  ]
[ 28.9   25.92  29.07  34.39  38.77  33.57  21.42  24.82  38.3   47.42
  43.37  36.66  34.6   37.31  28.72 255.7  255.7   18.    40.25  42.34
  18.   254.76 255.7   24.98  28.2   28.37  25.3   25.3   25.46  25.3
  25.46  25.46  30.98  35.78  25.61 255.36 254.4   18.    33.57  33.15
 255.69 254.17 255.4 ]
[ 22.25  26.23  35.    39.23  33.36  24.49  24.49  33.15  46.31  52.76
  50.94  44.9   31.56 255.68 255.07  12.29  21.56  21.84  21.84  35.78
  40.5   33.99  33.36  37.35  37.83  31.56  29.07  32.12  26.23   0.
 255.68   0.    12.61 255.69 254.44 253.76 252.74 253.42 255.39  21.42
  21.42 255.41 255.7 ]
[ 21.98  25.61  31.75  36.66  35.55  38.99  41.82  42.86  41.23  39.
  42.86  38.07  12.61 254.44 255.37  30.79  40.25  31.37  18.11  31.18
  46.03  50.05  48.21  42.08  30.98  22.25  18.55  26.38  13.15   0.
  22.38  33.99  31.37   0.   255.37 255.36 255.01 255.03   0.    24.98
  33.15  24.66 255.7 ]
[ 17.89  17.44  17.78  31.56  42.6   49.14  51.54  43.37  29.07  18.
  30.98  35.78  21.98 255.69  25.61  42.6   44.63  34.19  18.33  18.
  39.5   48.84  48.21  25.61 255.05 255.36  12.92 255.67   0.    28.9
  48.5   57.97  55.64  43.62  29.07  18.33  18.44  22.25  21.84  25.3
  31.18  27.84 254.52]
[ 22.11 255.7   12.45  38.54  50.35  46.31  38.3   38.54  33.99  25.3
  33.15  40.    38.3   18.11  25.61  33.57  30.98  25.46  18.11 255.69
  12.29  34.87  36.   255.68 255.04  22.25  31.56  12.77 255.69  31.37
  46.59  56.33  59.92  49.36  26.08 255.34 255.02   0.   255.69   0.
  18.11  25.14   0.  ]
[  0.    12.77  18.    38.54  44.63  28.2   21.56  43.27  50.28  39.5
  32.73  41.29  39.75  17.66 255.4   12.45   0.    21.84  31.18  17.89
 255.08  21.84  28.55  18.22  18.22  47.15  52.46  25.92 254.38 254.68
   0.    28.72  28.72  25.92 254.02 251.78 251.78 253.42 254.09 254.09
 255.36  30.98  32.94]
[  0.    13.08   0.    21.56  32.94  28.02  24.66  45.52  51.26  34.18
  20.86  38.73  38.99  21.28  12.21  27.84  22.11  25.61  36.22  31.37
   0.    18.44  34.19  38.07  38.3   52.46  54.54  34.6  255.   253.24
 253.57 255.01   0.   255.35 253.36 250.82 251.42 254.68   0.   255.03
 255.04  36.    50.6 ]
[ 18.11 255.67 254.48   0.    34.41  37.59  32.73  37.68  34.86   0.
  20.71  49.64  56.57  41.56  41.29  49.14  39.23  22.78  29.07  34.19
  22.65  22.78  44.63  50.28  43.82  41.23  43.62  43.12  26.23 254.95
 255.65  26.53  29.24  18.44 254.02 251.83 252.47  18.33  36.88  12.85
 254.75  33.78  51.22]
[ 21.56 255.38 254.54   0.    35.87  38.73  27.29  23.66  23.32  23.83
  42.99  65.7   65.38  51.54  47.62  54.    42.86  22.65  29.07  44.36
  38.54  31.75  46.31  54.96  42.34   0.    22.65  38.54  42.6   32.12
  32.5   44.12  45.69  36.88   0.   253.19 253.82  31.37  42.6   12.69
 254.14  28.55  48.21]
[ 17.2   21.42  12.29  12.04  20.42  11.79 255.72  20.71  32.3   41.56
  55.99  62.35  51.85  38.54  44.09  47.03  41.29  33.57  46.31  56.92
  48.53  33.78  36.66  41.23  31.94   0.    26.23  42.86  44.36  38.54
  38.54  39.    39.23  38.77  28.37 255.69 254.73  25.46  30.98 254.78
 253.84  18.    38.54]
[ 24.33  32.51  21.42 255.71 255.18  11.62  20.42  32.3   37.83  46.31
  44.36  37.59  21.28  27.66  43.82  47.62  43.54  41.56  52.64  59.7
  56.57  36.44  18.76  13.3   18.65  32.31  47.7   52.46  50.65  42.6
  30.79  17.78  22.25  34.19  40.74  39.    31.94  31.75  21.98 255.69
 255.69  25.46  38.07]
[ 34.87  34.64  21.14 255.41  17.2   35.87  39.38  32.08  35.55  42.34
  35.78  24.66  24.    42.14  50.91  48.79  46.87  44.09  44.36  46.03
  46.31  39.    23.04 255.32  13.15  43.62  58.99  61.51  57.33  50.35
  30.98 255.4  254.42  13.08  41.95  50.2   48.24  39.46  25.92  31.75
  34.39  36.22  41.82]
[ 41.56  32.51  17.32   0.    30.59  45.83  44.59  29.39  30.4   42.08
  40.    32.94  42.43  52.65  53.28  48.24  47.97  48.79  28.9    0.
  18.33  39.    43.12  33.99  34.6   44.12  52.76  54.99  54.99  52.46
  36.44 254.76 252.9  254.    18.87  40.36  44.12  32.12  26.08  39.46
  43.62  36.66  40.25]
