[70 70 71 73 73 72 72 72 73 73 73 72 73 73 73 73 75 76 73 71 71 74 75 72
 69 71 74 70 65 63 64 62 60 58 58 61 63 64 63 61 61 61 64 69 74 74 71 70
 70 72 71 68 62 60 62 66 69 70 70 68 64 62 62]
[72 73 73 72 69 68 70 74 74 73 73 74 74 72 72 74 75 74 73 72 72 73 72 68
 65 66 69 68 65 62 61 58 54 52 52 54 55 56 58 60 60 58 59 66 72 75 74 72
 71 72 73 69 63 60 63 66 67 69 69 68 65 63 62]
[73 73 73 71 67 67 72 78 77 75 73 74 74 72 72 74 75 74 74 74 74 73 70 65
 62 63 66 66 63 62 62 59 56 53 50 49 49 51 56 59 60 58 58 62 68 72 73 70
 68 70 73 70 64 61 64 65 65 67 68 68 66 64 62]
[70 72 73 72 70 70 75 78 79 77 74 74 74 74 75 75 74 74 73 74 73 73 71 67
 65 67 69 66 63 63 64 63 60 57 53 49 48 49 52 54 53 53 54 56 59 66 69 68
 66 68 72 70 67 66 67 67 66 67 69 71 69 66 64]
[68 71 75 74 74 73 74 75 77 78 76 74 74 76 78 76 73 71 71 72 73 74 74 71
 70 72 71 68 64 65 65 65 63 61 58 55 53 50 49 46 45 47 49 49 52 60 65 65
 66 70 73 71 69 72 74 72 70 69 71 71 70 67 67]
[70 73 76 75 74 75 73 71 73 76 76 74 74 76 77 75 72 71 71 71 72 76 77 74
 71 72 73 70 69 68 68 65 63 63 64 63 59 54 49 45 43 45 47 47 49 56 61 64
 65 71 73 71 70 74 78 78 74 71 69 70 69 68 69]
[73 73 73 71 72 74 74 71 72 75 75 73 72 73 73 73 74 74 74 70 71 76 78 73
 69 69 71 71 72 72 70 66 65 67 69 70 65 60 55 52 51 51 50 49 49 54 58 61
 62 67 70 71 70 72 76 79 77 70 65 64 66 67 70]
[73 72 68 68 71 76 76 74 74 75 75 73 73 72 71 73 77 78 74 69 69 72 74 72
 69 70 72 74 74 74 72 70 70 71 73 73 70 65 62 62 61 58 53 50 49 50 52 55
 58 61 66 70 70 70 71 74 72 67 62 62 64 67 70]
[72 69 67 68 73 76 75 75 77 77 76 75 75 75 74 74 77 77 74 70 68 70 72 73
 73 74 75 76 75 74 73 74 74 73 71 70 69 68 66 66 67 63 57 51 48 47 48 51
 54 57 62 68 71 71 69 67 65 63 62 64 66 67 71]
[70 68 67 70 74 74 72 72 76 79 77 76 77 77 76 75 74 75 75 74 72 71 73 75
 77 77 76 76 75 74 73 73 73 71 67 65 68 68 67 66 66 64 59 54 50 47 47 50
 53 53 55 61 68 71 70 65 61 61 65 69 69 68 71]
[70 68 69 70 72 71 70 71 74 78 77 75 73 75 76 76 74 76 79 81 80 76 75 76
 75 74 73 74 75 75 73 70 70 69 66 65 67 69 68 67 66 65 64 62 60 54 50 50
 51 50 48 53 61 68 70 65 61 61 66 70 69 68 71]
[71 70 69 69 68 69 71 73 75 76 75 71 68 70 75 78 78 79 83 86 84 78 75 73
 73 72 72 74 76 76 73 68 67 69 70 70 69 70 69 70 69 67 67 69 69 62 54 51
 50 47 46 48 54 59 63 63 62 62 65 68 69 69 70]
[73 72 71 69 67 69 73 78 78 77 75 72 67 69 75 80 79 79 81 83 82 76 72 72
 74 75 76 76 77 76 74 69 67 71 74 75 71 69 69 72 72 69 68 70 70 65 59 55
 51 47 46 48 50 51 53 58 61 63 64 67 69 69 70]
[74 75 76 74 70 69 73 78 79 77 77 77 75 74 75 76 75 74 76 79 78 73 71 73
 78 81 81 79 77 76 75 72 69 71 75 76 72 66 66 71 73 70 66 66 66 66 64 61
 55 50 49 50 50 47 46 52 59 62 65 70 71 69 69]
[75 78 80 80 76 71 70 74 78 80 80 81 80 77 74 71 69 70 75 79 79 74 72 75
 79 81 82 79 76 75 76 74 70 70 72 73 70 65 63 66 71 71 68 64 65 68 69 66
 60 54 52 52 51 48 48 52 57 60 64 71 71 68 67]
[76 79 81 81 79 73 67 68 76 80 79 79 79 77 72 69 69 72 78 84 83 79 76 76
 76 76 77 77 76 75 76 75 72 70 71 72 72 68 65 65 69 74 73 70 69 71 72 68
 64 61 58 55 53 51 52 55 57 58 62 68 68 66 66]
[79 81 79 78 77 72 66 65 72 77 75 74 75 75 73 72 75 77 81 84 84 80 78 75
 73 72 74 76 75 75 76 77 76 72 71 72 74 73 69 67 69 73 75 74 74 74 71 68
 67 68 67 63 58 56 57 59 58 56 59 64 65 65 67]
[81 81 78 75 73 70 66 64 68 71 71 73 76 76 74 76 80 79 76 75 78 79 78 75
 73 73 75 77 76 74 75 78 80 75 71 72 75 75 72 69 69 71 73 75 76 73 70 69
 72 74 74 72 67 63 61 62 61 57 56 60 64 67 69]
[79 78 78 75 70 65 64 64 63 65 71 80 84 79 74 75 79 77 70 67 71 76 77 76
 77 77 77 76 75 74 73 78 81 78 72 71 73 74 73 72 71 70 71 73 73 71 70 73
 76 76 75 77 75 69 65 65 65 61 57 58 64 69 70]
[75 72 76 76 70 63 64 63 61 61 72 84 85 76 70 71 75 75 70 66 70 76 78 77
 77 78 76 73 73 74 74 76 80 79 75 71 71 72 73 74 75 74 72 71 70 68 69 75
 77 74 72 76 78 73 68 67 69 66 60 59 65 69 68]
[70 68 72 76 72 67 66 67 64 62 68 78 77 69 67 70 75 76 76 74 74 76 77 75
 75 76 74 72 72 76 77 75 76 80 80 75 72 73 75 76 77 77 75 72 70 68 68 73
 75 72 69 71 75 74 71 70 72 70 64 61 64 66 64]
[72 69 71 75 75 72 71 73 71 66 65 68 67 66 69 74 77 79 81 79 77 75 74 72
 71 74 75 72 71 75 78 74 73 78 81 79 76 77 78 76 76 77 76 74 74 72 68 69
 74 74 71 69 71 73 72 73 75 73 67 64 65 65 60]
[77 75 73 74 76 75 73 77 76 70 64 63 66 69 73 77 78 78 79 78 76 75 72 69
 70 74 77 73 70 73 77 75 72 74 77 77 78 81 80 75 72 73 73 75 78 78 73 71
 75 77 73 69 70 71 72 74 76 74 69 67 67 65 62]
[80 80 77 75 75 74 73 76 78 73 67 67 71 73 74 75 75 74 73 73 75 77 74 70
 69 73 75 71 69 72 75 76 73 71 71 73 76 79 76 72 70 72 72 75 81 83 79 76
 78 77 73 70 69 70 70 73 74 73 69 68 68 68 65]
[78 79 78 76 75 72 71 75 79 77 73 73 76 75 70 69 72 74 72 72 76 81 78 73
 71 71 70 69 68 71 75 77 74 69 66 69 71 72 70 69 70 72 72 75 78 80 79 80
 79 75 70 69 71 70 69 70 71 70 70 70 70 71 70]
[74 76 78 77 75 74 74 77 80 78 75 76 78 74 68 68 74 78 76 75 78 82 81 77
 72 69 67 67 68 69 71 73 70 66 64 63 64 63 62 64 68 71 72 73 71 69 72 77
 78 74 69 70 73 73 70 68 68 70 73 72 73 73 73]
[73 75 76 76 76 77 78 80 80 77 76 77 78 76 74 75 80 82 80 78 78 80 82 80
 73 68 68 68 66 66 66 64 61 59 59 56 55 55 54 57 63 68 69 67 63 59 63 72
 77 74 71 73 75 75 73 69 68 72 76 76 74 74 73]
[76 75 73 73 76 79 81 79 76 74 76 79 79 78 80 83 83 81 79 77 75 77 83 82
 74 69 72 71 65 60 58 55 52 50 50 46 46 49 50 51 57 65 68 65 61 60 66 73
 76 74 72 73 74 75 74 71 69 71 76 75 72 72 72]
[79 75 71 73 76 78 79 76 73 74 78 79 78 79 82 83 80 77 78 77 75 78 85 82
 73 69 74 74 65 55 52 48 45 43 41 39 41 48 53 53 58 66 70 69 69 72 75 77
 76 73 70 69 69 71 72 72 70 70 72 72 68 68 70]
[80 76 73 73 74 74 76 76 75 78 79 78 77 78 78 78 77 76 77 78 81 84 86 81
 72 70 75 74 63 52 48 45 43 42 40 38 41 51 59 60 62 68 73 76 79 81 80 78
 75 71 69 67 66 66 70 72 71 71 72 70 66 66 69]
[79 79 77 75 72 71 73 77 81 82 79 75 75 77 76 76 78 78 78 81 86 87 83 77
 73 73 75 71 61 50 46 44 42 43 44 43 47 56 64 66 66 67 71 77 81 80 76 73
 72 71 71 70 67 65 67 72 75 75 73 71 67 67 69]
[79 80 77 74 73 73 74 77 82 84 79 77 78 79 78 78 80 79 78 81 87 85 79 74
 76 77 76 69 60 50 45 42 42 45 46 47 50 56 63 66 66 66 69 74 78 76 72 71
 70 71 71 73 70 66 66 70 75 76 76 72 70 68 68]
[77 77 72 71 76 77 74 73 79 83 81 79 81 81 78 78 80 80 79 82 85 82 76 74
 79 80 75 67 62 55 46 42 43 44 45 48 52 57 61 65 70 70 70 72 75 75 74 73
 70 67 69 72 71 68 67 69 72 75 74 72 70 69 69]
[76 72 67 69 77 78 71 68 73 79 80 79 79 78 75 76 79 82 82 82 83 81 76 75
 79 80 73 68 65 60 50 44 43 44 44 48 55 60 63 69 76 78 75 73 73 75 79 78
 71 64 65 69 71 70 70 71 70 71 71 69 68 69 71]
[77 72 68 70 75 73 68 67 73 76 76 75 75 75 75 76 81 87 87 83 82 81 77 76
 78 78 73 70 70 65 55 48 45 45 47 53 59 63 67 75 83 83 78 73 72 73 77 76
 72 66 67 68 70 72 76 75 71 71 71 68 65 67 73]
[79 76 74 74 72 68 68 73 76 75 73 72 74 77 78 78 83 87 85 80 80 81 78 76
 79 81 77 75 75 69 58 53 50 49 51 55 60 64 71 78 82 80 76 72 70 68 70 72
 73 73 73 71 70 74 79 78 73 72 73 70 63 63 67]
[81 78 77 77 73 71 73 78 78 75 73 74 76 80 82 82 82 83 79 76 79 81 78 78
 81 83 80 79 78 70 60 55 55 52 52 53 57 63 70 74 74 74 75 74 71 68 68 71
 75 78 77 73 70 74 78 77 73 72 72 70 62 57 58]
[81 77 76 77 77 78 80 81 77 75 77 79 79 80 82 81 79 78 76 76 80 81 79 81
 84 84 80 80 76 66 59 58 59 57 55 55 57 63 69 68 68 71 75 75 73 71 71 74
 75 75 73 72 71 71 73 74 71 68 68 68 64 56 55]
[80 76 76 79 83 85 86 83 75 73 78 82 80 79 80 81 80 79 80 80 81 80 79 82
 84 81 76 73 70 62 57 59 63 63 60 59 63 67 68 66 67 72 76 76 74 74 74 75
 72 69 66 71 73 71 69 70 71 66 64 66 67 64 62]
[80 79 80 82 84 87 90 85 76 71 77 82 81 79 81 83 83 83 83 82 79 76 75 78
 80 79 73 68 62 58 56 62 67 67 65 64 66 67 64 62 66 73 76 75 75 77 76 74
 71 66 64 72 77 74 68 70 72 67 64 65 72 73 74]
[80 82 83 83 83 87 90 87 78 72 75 82 83 81 82 84 85 85 83 79 75 75 74 75
 77 79 75 66 60 56 57 63 68 69 67 66 67 65 58 56 63 73 75 75 78 80 77 74
 72 69 67 74 80 77 70 71 74 71 66 66 71 77 77]
[81 81 80 83 84 87 88 86 80 77 80 84 83 80 79 81 82 81 78 74 74 77 78 76
 76 78 73 66 60 59 60 65 71 72 69 67 68 65 58 54 60 69 74 77 82 84 79 75
 74 74 71 73 77 76 71 69 72 72 67 66 71 74 72]
[84 78 76 80 85 86 83 81 81 83 87 85 80 76 75 74 75 77 76 74 76 82 83 78
 74 70 63 60 61 64 64 67 75 78 75 73 73 72 65 59 59 66 72 77 82 85 80 77
 77 76 72 70 73 74 69 66 69 73 70 69 71 73 70]
[84 77 75 80 85 85 81 78 80 85 89 85 79 76 76 72 71 74 77 76 77 82 81 75
 68 62 53 55 64 72 71 73 80 85 82 77 76 77 74 67 62 63 68 73 77 79 79 78
 79 77 70 68 72 75 70 66 70 74 73 71 73 74 72]
[81 77 78 82 87 87 85 81 79 82 85 84 80 80 80 74 71 77 80 77 74 74 71 65
 62 59 53 57 69 79 78 77 82 85 81 76 74 76 76 71 65 64 68 71 73 74 77 80
 81 77 71 71 76 78 72 70 75 79 76 72 71 73 74]
[79 78 81 85 88 90 91 88 81 79 82 82 81 83 83 78 75 79 83 76 69 64 59 57
 59 63 63 65 73 80 80 79 79 80 76 70 68 70 72 70 67 69 73 75 75 75 77 80
 81 77 73 75 79 76 72 73 80 82 77 70 67 67 69]
[79 79 81 85 88 90 93 92 85 79 79 80 79 81 82 79 78 82 83 74 63 58 55 53
 59 67 71 70 72 76 77 75 75 75 71 68 69 73 73 71 70 75 79 80 78 77 77 77
 74 72 72 75 75 69 66 72 80 81 75 69 65 63 64]
[81 80 79 80 82 86 90 93 89 83 78 76 76 78 81 79 76 78 76 68 59 57 56 54
 59 68 73 72 71 72 74 75 76 76 75 74 77 81 80 75 73 76 78 78 76 75 74 70
 65 64 67 70 68 62 62 69 77 77 74 71 70 66 65]
[84 82 78 75 76 82 87 91 90 85 79 75 76 79 80 75 69 65 62 58 57 57 58 59
 64 71 75 74 72 74 78 81 82 81 80 80 83 86 85 79 76 75 74 72 71 72 70 65
 58 56 60 63 61 58 60 67 71 71 71 73 74 73 70]
[84 84 78 72 73 81 88 89 86 85 81 77 75 76 73 66 58 52 50 53 59 62 63 68
 75 79 79 78 77 80 86 90 88 85 82 81 81 82 82 80 80 77 74 71 70 70 68 61
 56 53 53 54 54 56 61 63 61 61 65 70 74 76 74]
[81 83 80 75 76 83 86 84 82 83 83 78 71 66 62 56 52 49 50 60 68 70 70 78
 87 88 83 80 79 83 89 92 88 84 82 80 78 77 77 78 83 83 77 73 72 71 64 59
 55 51 47 46 46 51 56 56 51 51 58 64 67 70 72]
[79 84 86 84 83 81 77 74 75 80 80 74 65 60 57 57 57 59 61 69 76 77 75 81
 87 86 81 79 80 82 86 86 82 79 81 82 80 77 75 80 86 86 78 73 73 69 62 55
 52 49 45 40 39 41 49 51 46 47 55 61 62 64 67]
[79 84 90 90 85 75 66 63 66 72 72 67 64 63 66 67 69 70 72 76 81 81 78 79
 81 79 78 81 83 83 82 80 75 75 81 84 84 82 81 82 87 85 77 73 73 70 63 59
 56 52 48 43 36 36 44 49 47 48 55 60 59 59 61]
[80 81 85 86 81 70 62 59 62 66 67 65 65 70 74 73 72 74 75 77 83 85 82 78
 77 78 82 87 86 83 81 78 74 75 80 85 85 85 86 87 87 84 80 78 77 73 68 65
 63 58 54 49 40 37 42 47 48 48 52 55 57 58 61]
[79 76 76 76 73 69 67 66 66 67 69 70 72 75 74 69 67 72 76 78 82 87 85 80
 80 83 86 88 86 84 81 80 79 80 82 83 85 88 90 89 85 84 85 86 84 79 75 73
 70 65 61 56 49 44 47 50 49 47 48 49 52 57 62]
[78 72 68 67 68 72 76 77 74 73 73 74 75 76 71 65 67 76 81 80 81 85 83 80
 81 84 82 79 78 80 80 82 85 88 86 84 87 91 92 88 81 82 85 87 85 82 79 75
 73 71 68 65 59 56 58 58 53 47 46 49 53 57 60]
[76 73 69 68 71 79 84 84 81 78 74 74 75 75 73 71 74 83 85 81 79 80 76 73
 76 79 73 68 73 78 80 83 90 94 90 86 87 91 90 82 75 76 79 82 81 80 78 75
 75 76 74 72 70 69 69 66 60 53 48 52 57 56 54]
[76 76 73 73 79 86 87 83 81 78 76 75 77 78 79 79 82 84 83 79 77 77 74 70
 74 75 71 70 78 82 80 83 90 91 88 84 83 85 85 80 74 72 76 80 80 80 78 78
 78 79 77 75 75 76 73 69 62 56 50 51 55 53 47]
[80 80 78 79 85 88 85 80 79 79 80 80 80 80 81 81 81 80 79 77 77 78 78 79
 81 81 77 79 83 83 80 81 85 83 81 80 80 77 79 81 80 79 84 88 87 84 82 82
 82 80 75 72 73 72 68 63 60 56 50 46 48 48 45]
[85 83 80 80 83 84 81 78 80 83 85 83 81 80 81 80 79 79 79 77 76 79 85 89
 90 85 79 80 81 77 75 78 81 78 78 82 82 77 79 85 87 86 91 94 91 85 84 84
 83 79 75 71 70 67 62 58 57 57 52 46 48 51 49]
[88 85 80 78 78 78 78 79 81 86 88 84 80 82 84 81 79 82 83 78 74 77 84 89
 87 79 71 71 73 74 73 77 79 77 78 84 84 80 81 86 87 84 87 89 87 82 81 81
 81 79 79 77 74 70 66 62 63 64 61 57 58 59 58]
[87 83 78 78 78 78 80 80 80 84 88 85 81 84 86 82 80 84 83 75 70 73 79 81
 77 70 65 67 72 77 78 79 80 77 77 81 83 82 81 83 82 79 78 81 82 80 79 78
 77 80 84 84 79 75 71 70 71 72 71 71 70 70 67]
[83 79 77 79 82 82 85 83 79 81 87 86 83 83 83 80 81 83 81 74 71 74 76 74
 69 67 68 71 77 84 85 84 81 77 75 76 80 82 82 81 79 77 77 78 80 82 82 77
 75 80 87 87 80 75 73 72 73 72 75 77 78 76 73]
[81 80 81 84 83 84 86 85 81 80 86 87 83 79 79 79 81 82 82 78 75 77 77 71
 66 70 75 77 79 84 86 84 82 81 78 78 81 85 84 81 79 80 82 83 82 82 82 76
 73 80 86 84 75 70 69 68 67 68 73 77 78 78 78]
[80 82 87 86 80 80 84 83 80 80 85 85 82 80 81 82 82 83 83 80 76 75 74 70
 65 72 79 79 77 78 81 83 85 87 85 81 83 85 83 78 75 78 82 82 80 79 77 73
 71 78 85 81 73 71 72 68 66 68 73 76 78 80 82]
[80 82 87 85 78 78 82 79 74 77 84 86 84 85 87 85 80 79 81 78 72 71 73 72
 70 74 81 80 75 74 78 82 87 90 86 81 80 81 78 74 72 74 78 78 78 77 76 73
 72 79 86 84 77 78 79 74 69 73 77 78 77 81 85]
[82 79 84 84 80 80 81 75 70 77 86 87 85 87 87 80 72 72 76 75 71 71 76 78
 79 82 85 82 78 79 80 83 86 88 82 76 74 75 74 74 75 77 79 81 82 82 81 77
 75 79 83 83 81 81 80 76 73 77 81 80 76 79 85]
[81 79 84 85 82 81 81 78 78 84 88 86 84 84 80 72 67 70 74 75 76 79 82 85
 88 90 86 82 81 85 85 81 82 84 80 77 77 79 79 81 85 87 85 86 88 87 84 81
 77 76 77 80 80 77 73 71 72 76 79 77 74 76 83]
[80 83 86 85 82 81 85 87 89 90 89 84 80 80 76 72 71 75 77 79 82 85 83 82
 86 89 82 76 81 88 86 82 80 83 83 83 85 87 86 88 91 88 85 87 91 87 83 82
 81 77 76 80 80 73 68 68 70 72 75 76 75 76 81]
[79 83 84 81 80 84 89 92 89 87 85 82 80 81 81 80 80 80 78 79 83 85 80 76
 80 82 76 74 82 89 87 81 80 83 83 85 88 88 87 88 87 82 79 84 89 84 81 82
 84 81 80 83 81 74 70 71 70 68 73 79 80 79 84]
[81 80 77 76 80 86 90 88 81 79 81 82 81 83 84 84 83 81 78 78 82 85 81 77
 80 81 78 79 89 95 90 83 82 82 80 79 81 83 83 83 83 77 75 82 87 84 79 81
 83 83 83 83 79 76 78 78 71 67 75 85 86 85 89]
[83 78 75 77 79 83 85 84 77 75 79 80 77 78 81 82 81 82 84 85 87 89 87 85
 85 84 83 87 94 96 90 84 83 84 81 79 79 82 83 84 85 83 80 84 90 89 82 79
 81 83 84 82 77 77 81 80 72 69 77 86 86 85 88]
[82 82 83 84 80 78 81 83 80 78 79 76 71 74 80 82 82 87 91 92 91 92 92 88
 85 84 86 90 94 93 87 84 85 89 89 86 85 85 85 87 90 89 85 84 91 92 85 79
 80 82 83 81 79 79 81 78 72 73 78 82 82 83 82]
[76 84 90 87 79 75 79 82 81 79 78 76 74 80 87 88 87 89 93 91 90 92 93 88
 82 81 84 88 89 87 84 83 87 92 94 92 90 88 87 88 92 90 83 80 87 91 87 82
 81 81 81 82 85 85 82 78 78 81 82 78 79 83 80]
[72 80 86 84 78 76 78 77 74 76 80 83 85 89 92 90 88 89 89 86 86 92 94 90
 83 80 80 82 84 86 87 86 87 89 90 91 88 86 85 87 90 86 79 77 83 86 85 83
 82 79 77 82 90 93 89 84 85 88 85 78 79 86 85]
[74 76 80 80 76 73 72 70 70 76 84 88 90 90 88 86 87 91 91 88 88 93 96 96
 92 87 82 80 81 87 91 93 91 87 87 88 85 82 82 87 88 85 81 81 81 82 82 83
 80 75 73 79 89 94 93 88 86 88 87 80 78 82 86]
[80 80 82 80 75 70 70 73 76 79 82 86 87 85 83 84 90 95 96 94 92 92 93 95
 97 94 87 83 84 89 94 95 92 86 84 86 84 81 82 85 86 85 88 89 86 82 84 83
 77 70 70 77 83 87 90 86 81 80 82 80 75 75 81]
[84 85 87 84 78 73 74 77 80 80 79 82 83 81 80 83 88 91 93 95 94 89 87 90
 94 94 91 89 89 91 93 92 89 85 84 84 83 83 85 86 84 85 91 93 88 85 88 87
 79 72 76 82 83 81 83 82 77 75 79 80 77 74 77]
[84 86 87 85 84 81 80 79 78 77 77 81 82 78 78 82 86 84 83 88 90 87 85 86
 89 88 90 92 93 93 91 86 83 82 81 81 82 85 87 85 84 85 89 90 87 86 89 88
 81 78 85 91 87 81 79 80 78 77 81 84 82 79 79]
