[78 76 74 74 73 72 70 70 71 71 70 68 69 71 73 73 72 73 75 73 69 68 69 70
 69 66 67 68 64 60 61 65 64 60 62 65 65 62 58 55 54 56 60 64 65 66 64 62
 61 62 61 60 57 54 54 59 63 63 63 66 67 64 62]
[75 74 73 73 72 71 71 71 71 72 72 70 68 71 74 73 71 70 72 72 69 67 68 69
 68 68 70 72 67 62 61 62 59 54 55 57 57 56 56 55 52 52 57 62 66 66 64 63
 63 63 65 63 59 54 54 61 65 64 63 65 67 66 63]
[72 72 73 72 70 70 70 71 72 74 74 72 70 71 74 74 72 70 71 72 71 70 69 69
 69 70 72 72 67 63 62 60 55 51 49 48 47 48 52 54 51 49 53 59 63 63 63 64
 64 66 68 68 63 57 56 61 64 62 62 63 65 65 62]
[71 72 72 71 70 69 69 69 71 73 75 74 73 74 75 73 72 71 72 72 73 73 70 68
 68 71 73 70 66 63 61 59 55 53 51 47 44 45 49 51 48 46 49 52 54 56 59 62
 63 65 68 69 65 60 59 60 61 61 61 62 63 62 61]
[72 72 70 71 72 71 69 68 70 74 75 73 73 75 74 72 73 73 72 72 75 75 70 66
 66 70 72 69 65 63 62 60 59 59 58 54 49 46 47 46 44 43 44 47 47 49 55 59
 60 63 66 68 65 63 62 61 61 60 59 60 61 61 59]
[73 70 68 70 73 73 71 69 71 73 73 71 71 72 72 71 72 73 72 72 75 75 70 64
 63 67 70 70 67 64 63 63 64 65 65 62 57 52 49 46 43 41 43 44 43 46 50 55
 56 60 64 65 63 63 63 62 61 60 58 57 59 61 61]
[72 69 67 68 72 74 73 72 72 72 69 66 67 69 71 71 73 73 73 74 74 74 70 65
 63 65 68 71 70 67 64 64 67 67 67 66 63 59 55 50 45 42 43 44 43 44 46 49
 52 59 63 63 61 63 63 61 61 59 56 55 58 60 61]
[68 69 67 67 70 74 75 73 72 71 67 64 66 70 72 74 74 74 75 75 73 70 69 68
 67 66 67 70 70 67 64 65 68 68 66 65 65 63 61 57 51 45 44 44 44 44 43 43
 49 58 62 61 61 62 62 60 60 59 55 54 57 60 62]
[67 69 69 67 69 73 74 72 71 70 67 66 69 74 77 77 76 75 76 76 71 67 68 72
 73 70 68 68 69 67 65 65 69 69 67 65 66 65 64 61 57 51 46 45 45 44 41 40
 46 53 58 59 62 64 62 60 60 58 55 54 57 62 62]
[68 70 70 68 69 72 72 69 68 70 71 71 73 76 78 78 75 74 75 75 71 66 69 75
 76 73 69 69 69 67 65 66 70 71 69 67 67 66 64 62 59 54 50 48 49 47 43 41
 44 49 52 56 61 64 63 61 61 59 56 56 61 64 64]
[72 71 69 68 68 70 69 67 66 70 74 75 73 74 75 75 71 71 74 76 71 67 71 76
 76 71 70 71 71 69 67 67 71 71 70 68 68 65 62 60 60 57 55 55 55 52 48 45
 44 45 47 52 58 62 64 62 61 58 56 58 63 67 66]
[75 72 69 66 64 66 69 69 67 69 74 77 73 70 70 71 69 70 74 75 72 69 72 74
 72 69 70 73 74 71 68 68 70 70 68 67 67 64 61 60 61 61 60 59 59 57 51 48
 45 44 45 48 52 57 59 60 59 57 58 60 63 66 68]
[75 74 70 66 61 62 68 71 68 66 71 75 72 68 68 69 69 70 73 74 70 69 71 73
 70 68 70 73 73 71 69 69 69 68 65 65 65 64 63 62 63 64 62 61 60 57 54 49
 47 46 46 46 48 51 54 54 55 57 60 61 61 64 66]
[74 75 72 67 61 61 67 71 69 66 69 72 72 69 68 68 68 70 72 70 67 67 70 71
 70 69 70 72 72 69 69 68 69 67 65 63 64 65 65 65 65 64 63 61 60 58 56 54
 51 50 49 46 45 46 48 49 52 58 63 61 59 60 63]
[72 72 72 70 64 63 65 69 69 68 68 70 72 72 70 69 69 71 71 70 68 67 69 72
 72 72 71 71 70 67 67 68 69 67 65 64 64 66 67 67 66 64 64 62 60 59 60 61
 59 55 52 49 46 44 45 46 51 57 63 61 58 58 59]
[69 69 71 72 68 65 63 65 68 70 70 69 72 74 73 70 71 73 74 73 72 71 71 72
 73 73 74 73 71 67 64 66 67 65 63 63 65 66 66 66 66 66 65 64 62 60 64 67
 66 60 56 53 49 45 44 46 50 55 59 59 58 58 58]
[67 68 70 72 70 65 61 61 67 72 72 69 72 75 74 73 74 76 76 75 75 74 72 72
 73 74 74 74 71 67 64 66 66 62 60 64 67 67 65 65 67 68 67 64 62 62 65 69
 68 64 60 58 54 49 45 45 48 51 54 55 57 59 59]
[68 68 69 70 69 64 60 61 67 71 72 70 71 72 73 73 75 76 75 74 75 76 73 71
 71 72 71 71 69 66 66 69 67 61 59 64 69 68 65 66 70 71 68 65 63 64 65 67
 68 64 63 63 59 53 46 43 45 48 50 51 53 57 61]
[72 70 70 69 66 62 62 64 66 67 70 70 70 68 69 72 74 74 73 72 73 74 73 72
 70 68 65 65 66 67 69 70 68 63 62 65 69 69 68 68 72 72 68 66 66 68 66 65
 64 63 63 65 63 56 48 44 45 46 49 49 50 56 64]
[75 72 70 68 65 62 65 67 64 63 67 69 69 68 69 71 74 73 71 69 70 71 70 70
 68 64 60 63 67 69 69 68 66 66 66 65 65 67 68 70 70 70 66 65 68 70 68 65
 64 63 64 65 64 58 51 47 47 49 51 50 49 55 67]
[76 73 70 69 65 65 68 68 63 61 64 67 68 70 72 74 76 74 71 70 70 68 66 68
 67 64 61 65 69 69 66 63 63 67 68 65 60 62 67 67 66 66 64 64 66 69 69 67
 65 64 64 65 63 58 55 52 51 52 55 54 52 56 66]
[76 72 70 69 68 69 71 69 65 63 65 66 68 71 73 74 74 73 71 70 70 67 65 66
 68 67 67 69 70 68 65 61 61 65 68 64 58 59 64 64 63 64 64 63 64 67 68 68
 68 67 67 65 63 60 58 57 55 56 57 58 56 58 63]
[73 72 70 70 70 71 72 71 70 69 68 67 67 70 72 71 70 70 70 70 70 68 67 68
 69 70 71 70 68 66 67 66 64 64 66 64 60 61 63 63 63 65 67 66 65 67 68 68
 68 67 67 66 65 63 60 59 59 59 60 62 62 62 62]
[70 70 70 71 72 72 72 74 75 74 71 69 67 66 66 66 66 67 68 69 69 69 71 69
 67 69 70 69 65 66 70 73 70 65 63 64 64 63 63 64 65 69 69 68 66 66 67 68
 67 66 68 68 68 65 61 59 61 63 64 66 69 67 63]
[68 70 72 74 74 72 72 75 77 75 73 72 69 65 65 65 64 66 68 69 67 69 71 69
 65 65 68 69 66 67 71 74 72 67 62 62 63 63 62 64 65 68 68 67 65 65 66 66
 64 64 66 68 70 67 62 59 63 67 67 69 72 71 65]
[67 71 75 77 76 73 73 75 75 74 75 75 72 66 66 66 66 66 69 70 67 67 70 68
 63 63 69 71 69 68 68 69 67 63 59 58 59 59 58 59 61 63 65 65 64 63 65 64
 62 63 65 66 68 67 62 61 63 68 68 68 70 70 67]
[69 73 76 77 76 74 74 74 74 75 76 76 73 68 68 69 67 67 69 70 68 69 70 68
 64 67 72 73 70 66 62 59 58 57 54 51 51 52 53 53 56 59 64 66 64 63 64 64
 64 64 63 63 65 66 63 61 64 67 66 63 64 66 66]
[71 74 75 74 73 73 74 74 75 76 75 73 72 70 71 71 69 67 68 69 71 73 74 70
 67 70 75 73 67 61 56 52 51 51 49 45 45 48 50 52 54 60 66 68 66 64 65 67
 68 67 64 62 63 64 62 63 66 67 63 59 60 65 67]
[72 74 72 70 70 71 72 75 78 77 71 68 70 72 74 74 72 70 68 69 73 75 75 71
 68 69 73 71 63 55 51 48 47 47 45 43 42 46 50 54 58 63 67 69 67 65 65 68
 72 72 66 63 64 63 62 64 68 69 62 58 61 67 70]
[73 72 71 71 70 68 69 75 79 75 67 65 70 74 75 75 75 73 72 71 72 74 73 68
 63 66 71 70 61 50 46 47 47 44 43 44 45 46 50 58 64 66 66 68 68 65 65 69
 74 73 67 64 65 62 60 63 68 69 65 63 66 69 72]
[72 71 74 78 76 67 67 72 76 72 68 68 72 72 71 72 74 75 76 73 72 72 70 63
 59 64 72 71 60 46 41 44 45 42 43 47 50 49 52 62 67 66 65 67 68 66 66 69
 72 71 67 65 65 62 60 62 66 67 67 69 70 69 69]
[71 70 76 83 79 68 65 68 70 70 71 74 73 68 66 67 72 76 77 74 73 74 71 63
 58 65 74 73 60 44 37 40 42 41 45 52 56 55 57 63 67 66 66 68 70 68 68 71
 72 70 66 64 64 61 60 63 64 64 67 71 71 66 66]
[70 68 72 78 76 68 65 64 64 67 73 76 72 66 63 65 70 75 76 73 73 77 75 67
 61 67 74 73 62 46 38 37 41 44 50 55 60 62 64 65 66 66 68 71 72 71 72 73
 73 69 65 64 64 63 64 66 66 65 66 70 69 65 65]
[70 65 65 67 70 69 68 65 62 65 72 74 71 68 67 67 70 74 74 73 75 79 77 69
 64 66 71 71 64 52 42 40 43 48 53 56 60 66 70 69 66 65 69 73 74 72 72 73
 73 69 64 64 66 66 67 69 70 68 67 67 67 66 67]
[70 63 59 60 66 70 71 68 64 66 69 70 70 72 72 72 72 74 75 74 76 77 74 69
 67 67 68 70 67 59 48 45 47 51 54 55 57 65 73 74 70 67 69 74 76 73 69 69
 70 66 63 64 68 70 70 70 70 69 67 66 65 67 69]
[71 63 59 61 68 70 71 70 69 68 68 68 68 72 73 72 73 76 75 74 74 74 71 68
 69 70 69 70 70 64 54 50 49 50 51 52 55 63 71 75 73 70 71 75 76 71 65 64
 65 64 62 63 67 69 70 70 68 68 67 67 67 68 68]
[70 65 64 69 71 70 70 71 71 70 68 66 67 70 74 72 73 76 75 72 71 72 71 69
 69 71 71 72 73 68 60 54 50 49 48 51 56 61 66 70 72 72 74 74 73 68 66 65
 65 63 62 62 64 67 71 71 68 65 66 69 70 70 68]
[70 68 69 73 74 70 70 71 72 69 70 68 67 71 75 72 72 75 75 68 67 71 72 69
 68 69 72 73 73 68 63 57 52 47 48 53 59 59 61 64 69 72 74 72 69 68 70 71
 68 65 65 65 64 66 72 74 68 63 64 69 72 72 70]
[71 69 69 73 73 73 74 73 71 69 71 71 71 74 77 73 72 74 74 68 65 71 74 72
 68 67 69 71 69 65 61 58 53 48 52 57 59 57 57 59 64 69 72 71 69 71 76 77
 72 68 67 69 67 68 72 74 70 65 66 68 70 72 73]
[72 68 69 70 72 75 78 76 72 70 72 73 73 75 76 73 71 73 75 73 69 70 73 73
 71 68 67 66 63 58 58 57 54 52 56 59 57 54 54 57 61 67 72 74 74 75 77 77
 71 68 70 72 71 69 71 72 69 67 68 67 68 69 74]
[74 69 68 69 71 75 79 76 72 72 73 73 73 72 72 75 75 75 77 79 77 72 72 74
 73 69 65 62 57 53 55 57 57 58 61 60 56 54 55 56 59 65 73 78 78 76 75 73
 70 70 72 73 71 70 71 72 70 68 69 68 67 68 71]
[74 71 72 70 70 73 75 74 72 72 72 72 71 69 71 79 80 75 76 82 82 74 70 72
 72 67 63 59 55 53 56 58 61 64 65 63 58 56 56 57 57 64 73 80 78 75 72 70
 69 72 74 72 68 68 71 73 72 69 68 68 68 67 68]
[74 74 75 72 69 70 73 72 71 72 71 71 70 70 73 81 81 75 74 82 85 76 71 70
 68 63 61 59 57 56 58 60 63 68 71 67 62 61 62 60 57 62 71 78 76 74 72 71
 72 74 73 69 65 66 69 73 74 71 67 65 65 65 65]
[74 75 78 74 71 72 74 73 72 71 72 73 73 73 74 77 77 73 74 80 82 75 70 69
 64 59 59 59 58 58 60 62 64 70 75 74 68 68 69 67 62 63 70 75 76 75 74 73
 72 73 70 67 65 67 68 70 71 72 68 64 61 61 61]
[72 73 76 75 73 74 76 76 73 73 74 75 75 74 70 71 73 74 76 79 77 71 68 67
 63 58 57 59 59 59 61 64 67 74 79 77 72 74 76 72 67 68 72 77 78 77 75 74
 73 71 69 67 70 73 72 69 69 72 71 65 59 57 59]
[70 70 74 74 72 74 77 77 75 73 73 73 73 73 70 68 72 77 78 76 71 64 61 62
 61 58 58 59 60 61 64 69 72 77 79 76 74 76 76 72 68 72 76 80 79 77 76 76
 74 72 71 72 75 80 80 74 69 69 72 68 62 58 60]
[70 70 72 71 70 72 74 74 73 74 72 69 70 73 73 70 73 76 76 72 66 58 53 54
 58 60 62 64 66 68 71 74 76 76 75 72 71 72 71 67 67 73 79 82 79 76 76 77
 75 73 73 75 77 83 87 82 72 68 70 70 67 64 65]
[73 74 71 69 69 71 72 71 72 76 75 70 69 74 77 73 70 69 69 66 60 53 48 50
 58 66 70 72 73 76 79 78 76 73 70 69 69 68 66 66 68 72 77 80 78 76 75 74
 69 68 71 73 72 75 81 80 72 67 67 69 70 70 70]
[77 77 72 68 71 74 74 71 71 77 78 73 71 75 78 72 63 60 62 62 57 52 49 53
 63 73 77 76 75 79 81 79 74 70 69 71 71 68 69 74 74 73 74 77 76 72 69 65
 59 58 63 65 62 61 65 67 65 64 64 67 69 72 73]
[77 77 72 70 75 78 77 74 73 75 79 77 73 73 74 68 58 55 59 62 58 54 55 61
 70 77 78 74 73 75 76 75 71 69 73 77 75 71 74 81 80 75 72 71 70 66 62 55
 48 48 54 55 51 48 50 53 55 58 61 64 67 69 71]
[77 75 71 72 78 81 79 77 74 71 74 76 72 68 67 64 58 55 61 64 63 61 63 69
 76 78 75 70 69 70 71 70 68 68 73 78 77 73 75 78 78 74 72 66 62 59 57 51
 45 45 49 47 43 44 46 48 47 51 56 61 62 64 68]
[78 75 71 75 80 80 75 74 70 66 67 71 68 61 60 61 59 57 61 67 69 69 71 76
 80 79 74 71 70 72 72 70 67 66 70 75 76 74 71 70 72 74 74 66 58 57 58 55
 50 49 49 44 40 44 50 50 45 46 52 57 59 60 64]
[80 75 73 78 79 74 69 68 66 62 63 65 63 57 56 60 62 62 64 68 74 77 76 77
 80 82 79 75 74 75 75 73 68 65 67 71 74 75 71 67 69 75 79 73 65 62 63 62
 57 53 49 43 40 45 50 50 46 47 52 55 56 58 60]
[78 74 74 77 76 69 66 67 67 63 62 63 61 59 58 61 65 69 70 71 76 80 76 74
 78 84 84 80 76 76 77 75 71 68 70 73 76 78 75 71 72 78 82 79 74 72 72 69
 64 57 51 46 43 45 47 49 48 51 54 56 57 57 56]
[73 71 72 74 70 66 67 70 70 67 66 66 68 70 68 65 69 76 76 74 75 77 75 70
 73 82 85 80 75 75 76 76 75 76 77 78 80 81 80 76 76 79 80 78 76 77 78 77
 72 64 57 53 49 48 48 49 52 56 57 58 58 56 53]
[70 69 69 69 67 68 72 75 75 73 72 73 78 82 77 71 72 79 81 75 72 74 75 72
 73 78 83 80 77 78 79 77 77 82 85 83 82 82 80 77 77 78 76 72 73 77 82 83
 78 72 66 62 57 54 52 53 55 55 56 58 61 58 51]
[72 70 68 67 68 73 79 80 78 77 79 81 83 84 79 73 75 81 81 76 72 73 77 77
 76 78 80 79 78 82 83 81 79 83 86 85 84 83 80 76 77 78 76 72 72 77 81 82
 81 78 74 69 65 63 60 58 58 56 54 57 62 60 53]
[75 74 71 70 72 77 84 83 79 79 82 83 82 80 77 75 76 79 79 77 75 76 78 80
 79 80 81 78 76 81 86 85 80 80 83 85 85 84 81 79 79 82 81 80 79 79 79 77
 77 77 74 71 72 71 66 62 62 59 54 55 62 61 57]
[74 74 73 74 75 80 85 87 82 80 80 80 79 78 77 78 77 76 75 77 79 78 76 77
 77 80 80 75 69 73 80 84 78 76 79 83 84 86 85 84 83 84 85 88 88 84 78 74
 74 73 71 72 77 78 71 66 67 65 59 57 60 62 61]
[70 72 75 77 78 80 83 86 86 81 76 75 77 80 80 79 77 74 72 76 81 81 76 72
 73 77 79 73 65 67 74 80 76 75 78 82 82 84 85 87 84 83 83 88 93 91 84 78
 75 73 71 72 79 80 75 69 71 72 67 61 61 62 64]
[69 71 76 80 81 80 80 82 85 82 77 74 78 82 82 78 76 74 72 74 81 83 77 73
 75 78 78 73 68 70 75 78 76 77 80 81 79 80 82 85 85 81 80 85 94 97 93 86
 81 78 76 75 79 79 77 73 73 72 69 67 66 65 66]
[73 75 78 80 82 80 76 76 80 82 80 77 79 81 79 77 78 79 76 75 78 80 79 80
 82 82 78 74 73 77 81 80 78 80 84 82 78 76 79 82 83 81 80 84 93 98 95 89
 85 83 81 79 79 80 80 77 72 70 70 73 74 71 69]
[74 78 79 78 79 79 76 74 76 81 82 81 79 78 76 79 83 85 81 77 75 73 76 82
 86 84 78 73 73 80 87 85 79 81 86 84 79 78 79 79 81 82 83 87 91 92 88 85
 85 85 82 82 84 86 84 78 71 69 73 78 81 77 74]
[72 76 77 76 77 77 77 75 76 78 81 81 79 76 76 82 86 84 80 76 72 67 69 76
 80 79 75 71 70 78 86 85 79 80 83 81 79 81 82 80 80 82 85 88 88 84 78 80
 85 85 82 84 90 93 88 78 71 71 75 80 80 79 79]
[69 71 74 76 77 77 78 78 76 75 77 80 81 78 76 79 82 77 73 72 72 67 65 68
 72 73 73 71 70 76 83 83 78 78 77 76 77 84 86 83 81 83 85 86 85 79 73 76
 85 86 82 83 92 94 84 73 71 75 78 76 75 77 80]
[70 71 75 79 79 77 77 78 77 73 73 79 84 79 73 72 74 71 66 68 73 73 69 68
 70 73 74 74 74 78 81 82 81 79 74 72 77 86 88 85 84 85 83 81 81 77 73 75
 84 86 81 80 85 85 76 70 74 82 81 74 71 74 78]
[75 75 78 82 80 77 75 77 78 74 75 80 83 77 67 65 69 70 65 68 76 82 78 74
 75 80 80 79 78 81 83 84 85 82 74 70 77 86 86 83 83 85 82 77 75 75 76 77
 82 84 81 77 78 77 72 72 82 90 85 75 72 75 76]
[78 78 79 80 78 76 75 77 80 79 79 80 78 72 65 67 73 74 71 71 78 86 84 78
 79 83 83 80 80 83 84 84 86 82 74 71 76 83 82 76 76 81 81 76 71 76 81 81
 81 82 81 78 76 76 74 78 88 93 87 78 76 77 76]
[76 76 76 76 76 78 79 78 79 81 82 79 71 66 66 72 78 77 75 74 78 84 84 79
 78 82 82 78 79 83 83 81 82 80 75 72 76 81 81 74 72 79 84 80 74 80 84 82
 77 79 80 79 77 78 76 78 83 84 79 76 78 78 75]
[72 71 72 73 78 83 83 78 74 77 79 75 66 62 68 75 78 77 76 74 75 79 81 79
 76 76 76 75 76 81 82 80 78 80 78 76 79 83 82 76 75 81 88 85 80 81 82 79
 75 78 80 78 76 78 76 73 71 71 70 74 79 79 76]
[71 70 72 75 82 88 85 75 68 69 74 73 67 64 68 74 76 75 76 74 73 74 79 80
 76 74 73 71 74 79 83 83 83 84 82 81 83 85 84 81 80 84 87 85 80 77 75 74
 75 81 83 80 77 77 75 68 61 61 67 74 78 78 75]
[75 74 75 78 84 87 82 73 68 67 71 73 72 70 71 72 74 74 74 73 71 73 77 79
 77 74 71 72 74 78 81 84 88 89 84 81 82 83 82 81 83 82 81 79 77 74 73 74
 79 85 87 83 80 79 77 69 60 60 71 78 78 77 76]
[79 77 75 77 82 83 78 73 74 73 72 73 75 76 75 75 77 75 73 72 73 76 78 79
 76 73 72 73 76 78 79 84 90 90 83 78 77 77 77 79 81 78 75 74 74 75 78 80
 80 83 86 82 79 79 80 74 65 66 76 80 77 76 78]
[80 77 73 74 78 79 76 74 78 77 73 73 77 79 79 79 82 79 73 71 74 78 79 77
 75 74 74 76 81 82 80 80 85 86 81 76 73 71 73 79 81 78 75 74 75 78 84 84
 79 78 81 79 75 77 83 79 73 73 78 79 74 75 78]
[79 75 72 71 75 79 78 76 76 75 73 74 79 80 78 80 82 81 75 72 73 76 76 74
 76 78 79 80 84 85 81 77 79 80 81 78 73 70 73 80 83 80 78 77 75 77 82 82
 74 73 77 76 73 75 83 84 79 77 78 76 72 72 74]
[77 77 76 73 73 78 80 77 73 71 73 78 82 80 75 76 77 78 76 75 74 74 73 72
 76 84 86 84 82 83 80 75 74 77 79 79 75 72 75 81 83 81 79 77 73 71 74 76
 73 73 78 79 76 77 84 86 79 76 77 77 74 71 71]
[78 78 79 78 75 77 80 78 73 71 75 82 84 79 73 72 71 74 78 80 78 75 73 75
 78 85 87 84 79 77 76 74 75 76 78 79 78 76 77 79 80 78 77 75 70 67 67 71
 73 77 82 82 78 79 83 82 74 71 76 81 78 72 71]
[78 77 80 82 79 76 77 79 77 75 78 82 81 79 76 72 69 73 79 83 81 79 79 80
 79 80 81 81 77 73 71 74 77 78 77 77 78 79 79 79 78 77 77 76 75 71 68 70
 75 79 81 80 76 76 79 77 70 67 74 81 79 75 74]
[75 72 77 84 83 75 74 78 80 79 79 78 76 77 80 77 72 73 79 82 79 79 83 86
 80 75 76 80 78 70 69 76 82 81 78 76 76 76 77 78 79 79 80 83 84 80 74 72
 76 79 78 76 73 72 75 76 72 70 72 76 76 76 76]
